206671388404946777511933846173
691278822163068766017441903460
793120860987429981100271044669
441280200272836918841238209672
247571070208847709988634947012
577236950009446388281845664856
998838403878887373056465037944
572039631674521364810463710036
514585160507389667005330005068
109511021400231870758381121831
442575462488881230031451761439
551349794421989875506928674930
532335408389233503134332620038
975083728838106302950846329667
410849530753822455356465997092
277896550504913325560152175051
495277660283311290243443206085
318502857848253568577609332253
911294608574333000819066226610
317244682957877753984320505189
